# Frame list with one line of data per frame:
#   FRAME_ID, RIG_ID, RIG_FROM_WORLD[QW, QX, QY, QZ, TX, TY, TZ], NUM_DATA_IDS, DATA_IDS[] as (SENSOR_TYPE, SENSOR_ID, DATA_ID)
# Number of frames: 128
1 1 0.82596922566248832 0.033479427233904818 0.53750257273421398 -0.16656815576424031 -0.63269752639211096 1.0031254424614555 3.6752831642118666 1 CAMERA 1 1
2 1 0.82134108005448492 0.044927057551090402 0.5403537890944603 -0.17719529431108771 -0.7106696068930497 0.97889194282977321 3.6109963934491391 1 CAMERA 1 2
3 1 0.81833191825726181 0.039732074728244721 0.54463127665869582 -0.17925123788777184 -0.78845519016717502 0.992557563372232 3.5243463098778536 1 CAMERA 1 3
4 1 0.79046168876936151 0.046384392006922126 0.58723602280405629 -0.16784713368810078 -0.70528635626007596 0.81440481148561472 3.478009424371109 1 CAMERA 1 4
5 1 0.78776465228570847 0.059588958217592081 0.59111505790271412 -0.16266221745811124 -0.88268294553408333 0.71075467185242991 3.4361575344212807 1 CAMERA 1 5
6 1 0.74103105007629266 0.03330726880829471 0.64492774799645414 -0.18393425056682949 -0.50410454507513069 0.85434888087219463 3.4457178076425623 1 CAMERA 1 6
7 1 0.73272835431047734 0.0302871557572362 0.64717230309496843 -0.20823029820934072 -0.59798406110976343 0.98855800716957287 3.4111211148968108 1 CAMERA 1 7
8 1 0.70980267820869125 0.020480981310034278 0.67106118008087656 -0.21316092512655452 -0.60150280745141627 1.0208522401616933 3.4211033768305339 1 CAMERA 1 8
9 1 0.66547481958467991 0.019464332060296661 0.71560173475985156 -0.21137303868960072 -0.35382637825127783 0.952021289159238 3.5175826745899608 1 CAMERA 1 9
10 1 0.64980640201545903 0.022244795966359969 0.72679909856703073 -0.2214043343620232 -0.46242092965986858 0.98241750412687667 3.5378560529061556 1 CAMERA 1 10
11 1 0.62372263990741106 0.020598689652548758 0.74832796795134637 -0.22483552840540358 -0.46073812596448954 0.97335061477310381 3.5675186414938533 1 CAMERA 1 11
12 1 0.5876340500031445 0.012662173360578352 0.77226579267144824 -0.24110462067788846 -0.37541989216936394 1.0526732567964774 3.5756567703563724 1 CAMERA 1 12
13 1 0.52944097171664295 0.015623495168762599 0.81290204805560073 -0.24215372004877117 -0.11653537878385152 0.95163120096484666 3.5983751409527707 1 CAMERA 1 13
14 1 0.49612529828933699 0.021122813512119625 0.82969200213227234 -0.25499940538046378 -0.094420169916817023 0.97646663465180605 3.6208281941956324 1 CAMERA 1 14
15 1 0.45871264903559056 0.0038182043669821118 0.84978539373765938 -0.25967847719881321 -0.019036261694023362 1.033572401802263 3.6623623055580592 1 CAMERA 1 15
16 1 0.41415570980901484 0.0094217442953127041 0.87007218353370386 -0.2671341876434345 0.14875551559809702 1.002346072384515 3.6263329949680032 1 CAMERA 1 16
17 1 0.39709215953801014 0.011844284735850389 0.87980469165559916 -0.26100044883741425 0.032827227314451118 0.91839538761400807 3.5713621843662393 1 CAMERA 1 17
18 1 0.37513969525894719 0.020941370841400238 0.88940727339337522 -0.26035815728198203 -0.11744864718987406 0.86063287830226265 3.4258453540855687 1 CAMERA 1 18
19 1 0.37264694214734423 0.0068690268008106932 0.89248892653170275 -0.25406807945378046 -0.27467378292953448 0.81216515986254734 3.2701953590508581 1 CAMERA 1 19
20 1 0.3675485136335313 0.030734737569133117 0.89107155711316011 -0.26448997360252963 -0.23573377627830175 0.74820001310541184 3.024209433921659 1 CAMERA 1 20
21 1 0.29949287322649298 0.01553506624399678 0.9112942885663996 -0.28214428973416084 -0.14391469332166132 0.81360587300813991 3.0098703301890333 1 CAMERA 1 21
22 1 0.26600625341675904 0.010424181808794697 0.91956031208822531 -0.28903432669667817 -0.22634894996581467 0.79174633951593498 2.880315588940638 1 CAMERA 1 22
23 1 0.20345500398154279 0.023562964979242745 0.94000197313574207 -0.27285002938825065 -0.21187485953486904 0.6537742398933436 2.9886609319998443 1 CAMERA 1 23
24 1 0.14871012303229617 0.027564631701260278 0.94837115728938048 -0.27877883421898147 -0.1222076290755555 0.64830268360986487 2.8385236988098934 1 CAMERA 1 24
25 1 0.046662936544580258 0.012238716760081422 0.95563155837813285 -0.29058752347078559 0.096953039116471226 0.705479606140057 2.7338969664271415 1 CAMERA 1 25
26 1 0.066341295243455001 0.0083196973719953382 0.9518691863433989 -0.29912316404955142 -0.229918742699041 0.82158681746448614 2.9097688601012526 1 CAMERA 1 26
27 1 0.015276106289352167 0.010378720647970262 0.95225150201380093 -0.30475563923709081 -0.13708510859525644 0.85121673458160796 2.8850242845270686 1 CAMERA 1 27
28 1 0.014907232842731296 0.0098770123533054085 0.95662584904079573 -0.29077001905788369 -0.362874336349577 0.75003290953351365 2.8342876723662216 1 CAMERA 1 28
29 1 -0.050873110848790606 -0.0027737882233527223 0.94714212514406271 -0.31674284122778135 -0.38617675529306639 0.92985488237015945 2.9018452921716471 1 CAMERA 1 29
30 1 -0.0099388194061448849 0.0069630369198165412 0.93721129183832286 -0.34855090078266537 -0.86442034079720487 1.1115912886071995 2.9609465667474582 1 CAMERA 1 30
31 1 -0.062170320660142865 -0.0024532474050756995 0.93476955249587823 -0.34976380106128779 -0.79721435503183913 1.1346067276520413 3.1339190176378713 1 CAMERA 1 31
32 1 -0.076543450241731731 0.00054745116043880397 0.93285098226064667 -0.35203671032672884 -0.93976895851875875 1.1720707569761373 3.2094945754908957 1 CAMERA 1 32
33 1 -0.16741673239713581 -0.0058520832609952134 0.92106982913697277 -0.35152206287594551 -0.53200969546015231 1.23520582711879 3.3099852453099556 1 CAMERA 1 33
34 1 -0.14701725028019119 -0.0066690623694418989 0.92981175407920047 -0.33733003676418227 -0.70317676899197479 1.1158025586184368 3.0180667182945626 1 CAMERA 1 34
35 1 -0.19452834485093692 -0.0077245676473875827 0.91781857930603428 -0.34598859747810889 -0.73460449065802025 1.0947759321500887 2.77318145834061 1 CAMERA 1 35
36 1 -0.16479870175535163 -0.012753254654793069 0.92467678937491216 -0.34300375739452926 -1.0829046105845317 1.146123215875156 3.0301798133881723 1 CAMERA 1 36
37 1 -0.17020947388404378 -0.0011466004695292083 0.93310443557991163 -0.31677047306934208 -1.2554879795147225 1.0539295927042973 3.1664372488423971 1 CAMERA 1 37
38 1 -0.24173193186913541 -0.00069043695521697561 0.9156569973706048 -0.32115021341714062 -0.98372645668336234 1.1899092073341355 3.3721085171147362 1 CAMERA 1 38
39 1 -0.25317864841824539 -0.00160159070199102 0.91790989047107663 -0.30551504032978477 -1.0971684489925613 1.1173705815254844 3.5002479699390574 1 CAMERA 1 39
40 1 -0.28122043554497839 -0.0093788804433343007 0.91215129259329242 -0.29800523930613732 -1.1087639864460663 1.0741090975656495 3.6091374712931339 1 CAMERA 1 40
41 1 -0.2736996591914384 -0.00073691540359002358 0.91048065911395948 -0.31002084267608271 -1.4813208546803835 1.1353679650490156 3.4988297949656992 1 CAMERA 1 41
42 1 -0.29726412090984539 -0.011149510061638026 0.90672368959097194 -0.29893457742391921 -1.6646021083311544 1.0478790315509656 3.630148165163531 1 CAMERA 1 42
43 1 -0.33643274270897922 -0.00021159220064100384 0.89127906796291811 -0.30403057062276889 -1.7021306927811597 1.1988637278881529 3.7189050890285444 1 CAMERA 1 43
44 1 -0.37052542322587195 -0.011197356612882514 0.88626963968202876 -0.27768985528113815 -1.6304543568412759 1.030595514038404 3.8954736112739221 1 CAMERA 1 44
45 1 0.50437877190115732 0.019896233071705401 -0.82201879516370691 0.26361201558852454 -0.79424387896200122 1.1356888338306907 4.2675436658869979 1 CAMERA 1 45
46 1 0.52065245917884984 0.016872065704224049 -0.81124533826840595 0.26555103330182783 -0.8725047243971833 1.2433437498308622 4.52070536002973 1 CAMERA 1 46
47 1 0.53567738261371678 0.00081270116819967759 -0.80270655679462832 0.26212833679677083 -0.99834383718347586 1.3906765488417274 4.7068125329908437 1 CAMERA 1 47
48 1 0.58930499839472161 0.0092211072695392755 -0.76725354310126292 0.25289640299197486 -0.68351335542458336 1.4110596598241951 4.8701011019370917 1 CAMERA 1 48
49 1 0.64973149277082132 0.0045958440563593035 -0.72567594818675651 0.22632340520251495 -0.26105642555044978 1.3275932351888302 4.7762378265545316 1 CAMERA 1 49
50 1 0.67900325734012124 0.017108751358218176 -0.69516976274244735 0.23537389004959203 -0.23220313803204223 1.4348918004432805 4.8884750874000238 1 CAMERA 1 50
51 1 0.73431439356603145 0.018470435177658295 -0.63806967705659856 0.23088590612462184 0.1654054383812277 1.4664715363367231 4.6879797147348725 1 CAMERA 1 51
52 1 0.79825140710472575 0.010002950505489964 -0.56945818335740495 0.1959898197452983 0.80730741438412379 1.4889051432106006 4.7759720206558072 1 CAMERA 1 52
53 1 0.8208803534411041 0.017938745026323324 -0.53888716557706928 0.18823992546110138 0.84474279065964242 1.469894746455378 4.8350918027050476 1 CAMERA 1 53
54 1 0.84594635091418335 0.036280535756776554 -0.50513022481588032 0.1670387681876189 1.0843609693382248 1.2562301054519227 4.8213527724594849 1 CAMERA 1 54
55 1 0.85415210819385246 0.025640900358695758 -0.49287779900386786 0.16382367211699231 0.89064644160186979 1.3244255095956288 4.7475705598929112 1 CAMERA 1 55
56 1 0.89396343940062817 0.043323140217982822 -0.4228614166754493 0.14191792284234084 1.3362401415243768 1.1544496775541184 4.6111914971150387 1 CAMERA 1 56
57 1 0.90090989383998943 0.028342309721717959 -0.40839950336100245 0.14411079874646396 1.1654518876092859 1.2575689345523244 4.4463282067876531 1 CAMERA 1 57
58 1 0.92030243921462029 0.017969624260621174 -0.37161541784412611 0.12092350557310205 1.3597984614705119 1.1866007299969104 4.1432423014466488 1 CAMERA 1 58
59 1 0.94051198479465714 -0.010077896872495639 -0.31916578960210856 0.11605533680061664 1.525729206164459 1.2940453601136841 3.6389189418452621 1 CAMERA 1 59
60 1 0.94045380483273611 -0.013586991487360795 -0.32609230795745714 0.095004427943814362 1.2491328963296879 1.1469435043728151 3.4501522325080001 1 CAMERA 1 60
61 1 0.96400734280726186 -0.017955460381893808 -0.25958794320570866 0.054603518186893088 1.5518024901495588 0.90982279680058564 2.9399566637815933 1 CAMERA 1 61
62 1 0.99055639776066495 0.012562640979012267 -0.13489096586438473 0.021086257022552762 1.6000696212300012 0.90116096082072672 3.2359695528549737 1 CAMERA 1 62
63 1 0.99335759255691292 0.041301696291493474 -0.10342396266716407 0.028954224893797672 1.5213355270870175 0.77822057998319549 3.1730167518166437 1 CAMERA 1 63
64 1 0.99805623622688511 0.025672298885942666 -0.053492600178169938 0.019058439723999742 1.562004741658281 0.84288607130802784 2.9520508883608749 1 CAMERA 1 64
65 1 0.99937514905989522 0.029610590953073921 -0.018979847371447086 -0.003505672357557926 1.5211799291122914 0.74490505418593012 2.8084542024617329 1 CAMERA 1 65
66 1 0.99931503257754073 0.026324288932277562 -0.02588265669950068 0.0025662343880939269 1.2057026868720162 0.7838984672854824 2.8054710669229035 1 CAMERA 1 66
67 1 0.99974177995193947 0.01716468195602152 -0.014804067426700799 0.0016083219522566856 1.0404658473387107 0.83754180797632449 2.7604314014908433 1 CAMERA 1 67
68 1 0.99967345064942492 0.022555891232222399 0.0027326766706744438 -0.011694285596200043 0.90654841196783842 0.79085064223566082 2.7400868570527805 1 CAMERA 1 68
69 1 0.99957331326527499 0.0077731272358615043 0.025702599809476107 -0.011495488849519227 0.76620509702735906 0.8783395317099052 2.6800987086118542 1 CAMERA 1 69
70 1 0.99929651434659206 0.010283973106810293 0.032994463879045262 -0.014563023903855296 0.5583395863978049 0.85455240949957656 2.6421857110752875 1 CAMERA 1 70
71 1 0.99711659882801973 0.015415760529059689 0.072048964798751086 -0.018160102983767679 0.49297651574439111 0.81571062766446489 2.5805107682890007 1 CAMERA 1 71
72 1 0.99612783860162435 0.011879990977627921 0.083725022911315838 -0.024048191527168968 0.28281983408592454 0.83264387766933201 2.5716524652163688 1 CAMERA 1 72
73 1 0.99730646102444598 0.035224252984419148 0.062203014395046642 -0.016427410044028267 -0.10498888464725586 0.71154479038605234 2.6081608364594935 1 CAMERA 1 73
74 1 0.98605589515854097 0.017897518756943207 0.1581652358082781 -0.048551092955206931 0.15359360194122904 0.7973893961791747 2.5626448210480381 1 CAMERA 1 74
75 1 0.98438780404621795 0.021847878236074484 0.17025899619761276 -0.038925514452963085 -0.069886903115150154 0.77524451773928227 2.6043832824958848 1 CAMERA 1 75
76 1 0.97828161647896883 0.015860377170331633 0.19822238024393887 -0.058492865084025507 -0.16288106988553966 0.82088874479484597 2.6156969112415549 1 CAMERA 1 76
77 1 0.96382669930522502 0.0041339248803521286 0.25964961014263699 -0.060025697199245935 -0.12127567035686043 0.85819286754178947 2.6281210370577366 1 CAMERA 1 77
78 1 0.94417928291992059 -0.0049969057669650516 0.31872018513186223 -0.083174252188356279 -0.021989905044954221 0.91765236678530471 2.6527550517139664 1 CAMERA 1 78
79 1 0.92187240031152473 0.0097023269262291878 0.37496605063118926 -0.097250209614854172 0.10802520847435979 0.87676625876622516 2.8265765215462531 1 CAMERA 1 79
80 1 0.90619648886806514 0.013687471491867869 0.4040964555137766 -0.12380077273002925 0.085258960013734036 0.94979990285586557 3.0211358844779719 1 CAMERA 1 80
81 1 0.90337891336787268 0.021611734131185244 0.41507299936152786 -0.10561191708869698 -0.090862705607451785 0.89024335380988617 3.1918714019423682 1 CAMERA 1 81
82 1 0.88210863774705484 0.035894754924639713 0.45430874780441455 -0.11916156867598036 -0.28831491554750449 0.94471978628746367 3.7963539404486846 1 CAMERA 1 82
83 1 0.85751253833249108 0.041502641897270334 0.49941865455309142 -0.116321901645799 -0.29805695017588651 0.8106912511435227 3.7318214615161489 1 CAMERA 1 83
84 1 0.87171731125475271 0.031585004170839613 0.46270392502929936 -0.15816571857641376 -0.94901558792526097 0.99945858901691431 3.3087983809669756 1 CAMERA 1 84
85 1 0.8381111975148362 0.029200781294808086 0.51714782390812697 -0.17109957100796322 -0.85440651179410931 0.97632277441575088 3.2033504079676471 1 CAMERA 1 85
86 1 0.77961002629137488 0.008260854023585151 -0.59376337484459107 0.19895984491832663 0.39442924398796975 1.4793530287205332 4.7808173250765806 1 CAMERA 1 86
87 1 0.82301531285092755 0.012752019304569156 -0.5407600940544276 0.17338310614010921 0.74803097631900506 1.4028499094056899 4.7968789080839418 1 CAMERA 1 87
88 1 0.85687429973448404 0.019566762785611341 -0.49156900629974037 0.15408922186225499 0.97860160584845934 1.3312525907787849 4.775953138803982 1 CAMERA 1 88
89 1 0.87501520093324126 0.019055975842399611 -0.46497972495946382 0.13333837893522926 0.97547327447785448 1.2596388437047814 4.7975440050320932 1 CAMERA 1 89
90 1 0.90313863414663009 0.035539208618345648 -0.41163657359735384 0.11676002500672704 1.1837754272577101 1.1168927968586646 4.7695534574056877 1 CAMERA 1 90
91 1 0.92964096071140967 0.037057905756400174 -0.35602100587799307 0.087426764564057832 1.4132191707530997 1.0433083329535267 4.7442700489425889 1 CAMERA 1 91
92 1 0.95181199863214527 0.034830441505090189 -0.29512999798610062 0.075756477565724026 1.542048911371469 1.0548243383647529 4.4579391688177115 1 CAMERA 1 92
93 1 0.96163074887901134 0.027978191143573836 -0.26433511131467241 0.067900460653704836 1.4794342588240079 1.0284037101616397 4.0180862736525382 1 CAMERA 1 93
94 1 0.97349485428958837 0.030892345725743998 -0.21912860889816921 0.057758847024567912 1.5456897721922591 0.95293837757124722 3.7072230561049477 1 CAMERA 1 94
95 1 0.98980649031809187 0.021017801099782189 -0.1373726969388244 0.031146523030109976 1.7660077627972606 0.93191945443473168 3.3636739265384041 1 CAMERA 1 95
96 1 0.99935582246391796 0.033671737425647143 -0.012198877960113357 0.0023111864309420531 2.0911874034122255 0.75101529896504038 2.8191130663944324 1 CAMERA 1 96
97 1 0.99966057043940604 0.024463547855671935 0.0038610520281444787 -0.0080852342149554234 1.7466155390349121 0.79039255555962784 2.7882542288198815 1 CAMERA 1 97
98 1 0.99742973937004753 0.018862416210605297 0.067471677933690924 -0.015023213761021509 1.5569474130114411 0.82113976565837909 2.613163616704798 1 CAMERA 1 98
99 1 0.99745017367574396 0.017711472725791946 0.06699504420438733 -0.0170622044344825 1.0383462908337648 0.84129718892341243 2.6729491538448777 1 CAMERA 1 99
100 1 0.99828144965854815 0.021530286811355336 0.051642007780830494 -0.017426905916231122 0.32719167367675062 0.84021794553181761 2.7483986780818279 1 CAMERA 1 100
101 1 0.99689380997004318 0.0040003823712312387 0.076175338563175349 -0.019597101292818154 -0.10020003412508553 0.93392034780262645 2.703634918966201 1 CAMERA 1 101
102 1 0.98699372088457737 0.022976432161336324 0.15276886815143834 -0.044465170901291977 -0.23372281392793812 0.85120296162444342 2.789401909744516 1 CAMERA 1 102
103 1 0.96930198730919959 0.03051654294447689 0.23449076792769522 -0.06735337973579468 -0.21018754888185232 0.82250608096157996 2.867790233378499 1 CAMERA 1 103
104 1 0.95494174883968608 0.067420720159361527 0.2814753892865251 -0.065668166124799698 -0.3178194918655895 0.56947528055970131 2.8927485007806402 1 CAMERA 1 104
105 1 0.93306670929460289 0.031040533669260354 0.34625924444857209 -0.092344663676753133 -0.22774017203430238 0.8243306589642746 2.9981054262799938 1 CAMERA 1 105
106 1 0.93137598178310899 0.038065094244445104 0.34771141377199233 -0.1009286970608153 -0.49835030434305139 0.83384666176996136 3.1083178475439617 1 CAMERA 1 106
107 1 0.9052707971594206 0.036959050333541202 0.40522075617921294 -0.12212678318181026 -0.50785697012268893 0.86382077947059976 3.191449923566978 1 CAMERA 1 107
108 1 0.89258082444684317 0.047477474977824341 0.42650437723644014 -0.13834513868466911 -0.77281545511113658 0.86317439250356698 3.2238076999243321 1 CAMERA 1 108
109 1 0.85147033602970301 0.041007130480220179 0.49901380154428476 -0.15589069240838016 -0.62911215534668485 0.90243215148913125 3.3620325763005772 1 CAMERA 1 109
110 1 0.78765796837916824 0.030224464222192802 0.58715131443083424 -0.18421384468444935 -0.3006745552150028 0.96088277745066553 3.3136335408284325 1 CAMERA 1 110
111 1 0.76498352799245783 0.021256024977571713 0.61249863868966403 -0.19797424303599112 -0.38455488583735387 1.04300436926721 3.3331659512390854 1 CAMERA 1 111
112 1 0.7198745512585244 0.015122970944280747 0.65801945193515743 -0.22036861635702973 -0.48009704714773166 1.0762130253516609 3.2136203272042665 1 CAMERA 1 112
113 1 0.67085407725767776 0.0064317577606651357 0.7056108458064011 -0.22809378290350954 -0.32844457138053185 1.055183082155267 3.1834680830697684 1 CAMERA 1 113
114 1 0.61988132986587063 0.0093912382605316029 0.7456540255984907 -0.24425195114147852 -0.42856662642725052 1.0723873830715265 3.2355861114254463 1 CAMERA 1 114
115 1 0.57426290019720272 0.015483647136902685 0.77877866325651435 -0.25196462407416303 -0.32578276736974576 1.0514548822621987 3.31987132985528 1 CAMERA 1 115
116 1 0.50022211699019015 0.015912324136940287 0.83194228997915098 -0.23957599578977018 -0.25382539651438524 0.83856366435911844 3.2962542055647277 1 CAMERA 1 116
117 1 0.43242347825512695 -0.00033477687443155994 0.85946319864097787 -0.27264048408114533 -0.02982091922794795 1.0432412101017738 3.3261086157849737 1 CAMERA 1 117
118 1 0.39949793742452816 0.0099035429833024546 0.87392804185747075 -0.27668230063575233 0.014739288415188062 1.0104772066262293 3.3181532926986743 1 CAMERA 1 118
119 1 0.34186796507570227 0.013878654510283197 0.90073071023793494 -0.26761514351442817 0.16746664050761395 0.88623743982518177 3.2805071563396688 1 CAMERA 1 119
120 1 0.33280818534509271 0.031616025032786078 0.90694249721381648 -0.25630927699948625 0.018782850857963648 0.75002955909616364 3.2034703998837477 1 CAMERA 1 120
121 1 0.34798816609257693 0.055257073060183189 0.89973777685428913 -0.25753218252802568 -0.17917765840816624 0.67410229258940657 3.0155209044513445 1 CAMERA 1 121
122 1 0.2736404877961956 0.02737884869314508 0.92353181310023669 -0.26732054218613199 0.11242301606951777 0.68406126484831598 2.8880265208301132 1 CAMERA 1 122
123 1 0.1982090644496543 0.019613416844210092 0.94217183029261287 -0.2695194294531581 0.26659961497038764 0.67818169666951666 2.9583758876774926 1 CAMERA 1 123
124 1 0.14024851215393785 0.016876432195423768 0.94956515348548776 -0.27994920996681222 0.25625352033303028 0.68770982821597004 2.8764716312826657 1 CAMERA 1 124
125 1 0.091992394247332299 0.025828998459462817 0.96039203281353402 -0.26175829604333922 0.18463803430839784 0.55895410446636107 2.8775452784606661 1 CAMERA 1 125
126 1 -0.013647253511094765 0.0092628634783149307 0.96989428892511309 -0.2429671174094043 0.4446762560643549 0.43687539771823369 2.6995161001242303 1 CAMERA 1 126
127 1 -0.068985640878763313 -0.0015004620688013873 0.96925922064435921 -0.23616793423751664 0.38168285189028583 0.42835658889102385 2.8046232771931612 1 CAMERA 1 127
128 1 -0.013047714947826888 0.0057446639557871644 0.96226663115276845 -0.27173458841409426 -0.17060602821203888 0.6620525862754093 2.8857967099333939 1 CAMERA 1 128
